% define colors - Set colors for consistency in plots
% RGB
% DDEcol = [1. .3 .3];
% DDMUcol = [ .3 1 .3];
% DDNUcol = [.3 .3 1];
% Gray
% DDEcol = [102 102 102]/255;
% DDMUcol = [153 153 153]/255;
% DDNUcol = [204 204 204]/255;
% Totcol = [.2 .2 .2];

DDEcol = [204 0 0]/255;
DDMUcol = [102 204 0]/255;
DDNUcol = [153 153 206]/255;
Totcol = [100 100 100]/255;

PCB118col = [204 153 204]/255;
PCB153col = [153 51 153]/255;
PCB138col = [102 0 102]/255;